329.95 329.60 329.95 328.20 330.15 329.55 329.75 330.51
329.75 328.50 328.65 324.75 328.45 328.35 328.15 326.32
328.05 327.80 328.15 327.34 328.15 327.75 328.05 327.28
327.95 328.30 328.50 329.00 328.85 331.80 330.15 328.92
331.55 331.25 331.80 329.84 330.95 328.80 328.35 329.66
328.55 328.80 328.55 329.09 329.25 332.00 331.65 330.26
331.85 330.10 330.30 331.87 330.15 330.00 330.00 327.90
330.95 329.90 330.65 331.20 329.25 327.85 330.00 331.20 
329.45 333.50 329.60 328.55 330.55 329.20 330.15 330.73
329.85 329.50 329.55 329.31 329.35 328.15 328.75 327.78
329.15 328.35 328.55 327.63 328.95 329.40 330.10 328.57 
330.05 328.80 329.45 330.40 328.45 328.75 328.25 330.40 
329.65 329.60 330.15 331.41 328.75 327.00 327.35 326.87 
327.35 326.75 326.45 328.47 326.75 326.15 326.55 326.03 
326.75 327.00 327.10 327.11 327.05 327.90 327.15 325.86 
328.05 329.05 328.65 327.71 329.15 328.85 329.00 329.10 
328.55 328.80 329.35 329.10 329.45 330.25 330.45 330.00 
330.65 331.50 331.30 331.94 332.45 332.70 332.60 331.97
331.75 331.60 331.75 331.90 331.25 332.20 331.35 330.90 
332.65 332.50 332.15 332.78 332.65 332.25 332.50 333.81 
332.05 332.00 332.05 331.92 333.15 336.35 335.75 332.20 
337.25 336.75 338.35 338.34 336.95 338.20 336.75 336.93 
339.45 340.00 340.35 338.28 339.45 339.10 339.30 338.52 
338.05 337.50 338.40 338.85 337.35 337.75 336.60 337.47 
337.85 337.00 337.30 336.94 337.85 337.00 337.25 336.94 
337.85 336.50 337.30 336.94 337.15 336.95 336.65 336.32 
337.25 338.50 339.20 338.66 339.55 336.60 338.65 339.71 
337.25 338.50 339.05 338.23 340.55 339.90 339.85 340.19 
341.15 339.90 340.55 341.08 339.15 339.25 338.85 339.01 

337.15 339.60 339.70 339.09 341.15 346.50 334.00 340.87 
348.75 352.00 350.10 349.04 352.25 350.00 350.75 352.28 
349.75 353.00 351.60 349.64 354.65 355.90 354.90 355.49 
354.25 355.80 354.95 354.22 
