	AnCh 	Calg 	Chic 	Daws 	Edmo 	Hali	Mont	NYC	Otta	PrRu	Queb
AnCh       	2182 	3690 	1629    1999   	5111	4300	4499	4172	1666	4448
Calg   	2182 		1608 	 553     183    3175    2332 	2427	2236	 949    2441
Chic    3690    1608            2001    1691	1627	 847	 809	 736	2602	1010
Daws    1629	 553  	2001		 370	3482	2671	2870	2543	 709	2819
Edmo    1999	 183	1691	 370		3112	2301	2500	2173	 911	2449
Hali	5111	3175	1627	3482	3112		 828	 923	 951	4023	 688 
Mont 	4300	2322	 847	2671	2301	 828		 382	 127	3212	 160
NYC 	4499	2427	 809	2870	2500	 923 	 382		 430	3411	 566
Otta 	4172	2236	 736	2543	2173	 951	 127	 430		3084	 283
PrRu 	1666	 949	2602	 709	 911	4023	3212	3411	3084		3360
Queb 	4448	2441	1010	2819	2449	 668	 160	 566	 283	3360	


Anchorage	
Calgary      	
Chicago 
Dawson Cr. 
Edmonton 
Halifax 
Montreal 
New York 
Ottawa 
Prince Rupert 
Quebec 
