Company G					
Day 	Open 	High 	Low 	Close 	Vol. 
0	19.50 	19.75 	18.25 	18.75 	4948
1	18.63 	18.63 	18.00 	18.25 	5624
2	18.25 	18.25 	18.00 	18.00 	6631
3	18.13 	19.00 	18.00 	19.00  	16329
4	19.00 	19.00 	18.25 	18.88 	7877
5	19.25 	19.75 	19.00 	19.50 	9066
6	19.63 	19.75 	19.25 	19.50 	4215
7	19.50 	20.00 	19.50 	20.00 	5251
8	19.88 	19.88 	19.50 	19.75 	3792
9	19.88 	19.88 	19.50 	19.75 	4775
10	19.75 	19.88 	19.25 	19.88 	4086
11	19.63 	20.75 	19.63 	20.75 	8789
12	20.50 	21.13 	20.38 	20.75 	8331
13	20.75 	21.88 	20.75 	21.63  	14729
14	21.75 	22.50 	21.75 	22.13 	12251
15	22.38 	22.63 	21.00 	21.00  	11599
16	21.00 	21.75 	21.00 	21.50 	8895
17	21.63 	21.75 	21.00 	21.63 	3911
18	21.63 	22.75 	21.50 	22.50 	12108
19	22.63 	23.50 	22.38 	23.13 	6969
20	23.25 	24.38 	23.13 	24.13 	9003
21	24.50 	24.75 	22.50 	23.13  	16155
22	23.25 	23.75 	22.63 	23.38 	9558
23	23.38 	23.75 	23.25 	23.75 	7187
24	23.75 	24.00 	21.63 	21.88  	10214
25	21.00 	22.38 	20.50 	22.13 	16471
26	22.38 	22.88 	21.75 	22.50 	5185
27	22.75 	23.25 	22.50 	22.75 	3534
28	23.00 	23.00 	21.75 	22.00 	4116
29	21.00 	22.00 	20.50 	21.25 	8520
30	21.50 	22.63 	21.25   22.25  	6976
31	22.50 	23.00	22.25 	22.63 	2942
32	22.50 	23.00 	22.50 	23.00 	4577
33	22.88 	23.25 	22.38 	22.50 	5588
34	22.63 	22.63 	22.13 	22.50 	3560
35	22.50 	23.13 	22.25 	23.00 	3103
36	23.13 	23.50 	23.00 	23.25 	4908
37	23.25 	23.63 	23.00 	23.13 	6103
38	23.25 	23.88 	23.13 	23.63 	4517
39	23.88 	24.13 	23.75 	24.00 	6871
40	24.00 	24.00 	23.13 	23.50 	5205
41	23.00 	23.50 	22.38 	23.25 	7410
42	23.38 	23.75 	23.13  	23.38 	8874
43	23.38 	23.50 	23.25 	23.50 	2666
44	23.25 	23.50 	23.25 	23.25 	2895
45	23.38 	23.38 	22.13 	22.50 	3254
46	22.25 	22.50 	21.50 	22.25 	5502
47	22.13 	22.63 	22.13 	22.25 	1417
48	22.38 	22.50 	22.13 	22.13 	1178
49	22.13 	22.50 	21.00 	21.63 	5040
50	21.88 	21.88 	20.75 	21.38 	5371
51	21.38 	21.63 	20.50 	20.75 	6259
52	20.88 	20.88 	19.75 	20.00 	8160
53	20.13 	20.13 	19.00 	19.25	13108
54	19.38 	20.13 	19.25 	20.13 	8950
55	20.00 	20.13 	19.25 	19.38 	5340
56	19.50 	19.50 	18.88 	19.38 	5418
57	19.38 	19.50 	18.50 	19.38 	5317
58	19.15 	19.50 	18.75 	18.88 	2794
59	18.88 	19.00 	17.25 	17.63 	11542
60	17.75 	18.63 	17.63 	18.00 	7856
61	18.13 	18.50 	17.75 	18.38  	12074
62	18.50 	20.38 	18.50 	20.38 	11396
63	20.00 	20.00 	19.25 	20.00 	5014
64	20.25 	21.13 	20.25 	20.50 	4354
65	20.75 	20.75 	19.13 	19.75  	5213
66	20.25 	20.50 	19.50 	19.50 	3421
67	19.63 	19.75 	18.88 	19.00 	5114
68	19.13 	19.33 	18.75 	19.00 	2015
69	19.00 	19.00 	18.00 	18.13 	5063
70	18.00 	18.25 	17.63 	18.00 	8043
71	17.63 	19.50 	17.63 	18.75 	5450
72	19.00 	19.00 	18.00 	18.38 	2737
73	18.13 	18.63 	17.63 	18.50 	3273
74	18.75 	19.00 	18.00 	18.50 	2210
75	18.75 	19.38 	18.50 	19.06	5424
76	19.25 	19.88 	18.63 	19.50 	6214
77	19.75 	20.25 	19.75 	19.88 	3604
78	19.88 	20.63 	19.88 	20.63 	2534
79	20.50 	20.75 	19.88 	20.25 	3026
					
Company I					
Day 	Open 	High 	Low 	Close 	Vol. 
0	56.88 	57.75 	56.88 	57.63	14308
1	58.13 	59.13 	58.00 	59.00  	18468
2	59.00 	59.88 	58.50 	59.50  	25700
3	60.00 	60.00 	58.50 	58.50  	23798
4	58.50 	59.38 	58.00 	58.88  	14586
5	58.88 	59.50 	58.50 	59.25  	17350
6	59.13 	59.38 	58.50 	58.63  	16906
7	58.75 	58.88 	58.13 	58.13  	15031
8	58.25 	59.00 	58.25 	58.75  	18042
9	58.75 	59.50 	58.38 	58.63  	15860
10	58.50 	58.50 	57.13 	57.30  	15281
11	57.38 	57.38 	56.38 	57.13  	22559
12	56.75 	57.00 	55.75 	56.00  	19595
13	55.88 	55.88 	55.13 	55.25  	22785
14	55.13 	55.63 	54.75 	55.25  	31766
15	55.75 	58.75 	35.75 	58.63  	42193
16	58.88 	59.38 	55.38 	58.25 	101549
17	58.75 	58.75 	56.00 	56.38  	40896
18	56.63 	57.50 	56.50 	57.13  	22152
19	58.13 	58.13 	57.50 	57.75  	15439
20	57.88 	57.88 	56.50 	56.50  	20924
21	56.88 	57.38 	56.50 	56.50  	18584
22	56.50 	56.50 	55.50 	56.38  	21532
23	56.25	56.88	55.75	55.75	17638
24	55.50 	55.63 	52.00 	52.00  	35599
25	52.38 	54.63 	52.25 	54.25  	41188
26	54.75 	54.75 	53.38 	53.63  	20088
27	53.88 	54.25 	53.13 	53.13  	19791
28	53.38 	53.63 	52.75 	52.88  	15656
29	52.50 	53.38 	52.00 	53.25  	19855
30	53.38 	54.63 	53.38 	54.00  	18737
31	54.38 	54.63 	54.00 	54.50  	17274
32	55.25 	55.25 	54.50 	54.63  	14957
33	54.88 	55.00 	52.50 	52.75  	22902
34	52.63 	52.88 	52.13 	52.63  	26787
35	52.63 	53.88 	52.63 	53.63  	12769
36	53.75 	54.25 	53.25 	53.50  	11952
37	53.25 	53.38 	52.63 	52.88  	16529
38	53.38 	53.38 	52.63 	52.88  	10617
39	53.13 	53.25 	52.63 	52.88	9607
40	52.88 	53.88 	52.50 	53.63 	20349
41	52.75 	53.50 	52.13 	53.00  	27221
42	52.88 	53.38 	52.63 	52.63  	16165
43	53.25 	53.25 	52.38 	52.61  	17217
44	53.00 	53.00 	52.13 	52.25  	17837
45	52.13 	54.88 	51.38 	54.75  	46445
46	55.00 	55.75 	54.75 	55.38  	37401
47	55.50 	56.25 	55.13 	56.00  	30275
48	56.13 	56.25 	55.25 	55.88  	15883
49	56.13 	57.88 	55.88 	57.50  	29160
50	57.75 	58.38 	57.38 	57.38  	24525
51	57.63 	58.25 	57.13 	58.25  	18834
52	58.25 	58.25 	57.50 	57.88  	18941
53	57.88 	58.25 	56.75 	57.13  	32562
54	56.88 	58.88 	56.75 	58.63  	27010
55	58.00 	58.63 	57.75 	58.25  	18493
56	57.00 	57.38 	56.63 	57 25  	26629
57	56.88 	57.13 	56.00 	56.38  	20409
58	56.50 	56.50 	53.63 	54.00  	29835
59	54.38 	54.63 	52.50 	52.63  	33565
60	53.63 	54.38 	52.50 	52.63  	31647
61	52.50  	55.00 	52.50 	53.50  	41325
62	54.00  	54.63 	52.00 	54.63  	34604
63	53.00	53.50 	52.25 	53.00  	27650
64	53.50  	54.13 	53.00 	53.38  	23391
65	53.50   53.55 	52.75 	53.13  	19300
66	53.25 	53.25 	52.25 	53.13  	17749
67	52.88 	53.13 	52.38 	52.30 	13091
68	52.63 	53.38 	52.25 	53.00 	13023
69	53.75 	53.88 	52.50 	52.88 	18882
70	52.88  	53.38 	51.88 	52.38 	34961
71	52.50	53.88 	52.50 	53.88 	26280
72	53.88	54.50 	52.63 	53.00 	26390
73	52.88	54.13 	52.75 	53.38 	31200
74	53.50	53.75 	51.38 	53.38 	20975
75	53.25 	53.50  	51.75 	52.25 	22077
76	56.13	58.63 	54.00 	58.38 	87581
77	58.38	59.50 	58.00 	58.75 	56605
78	58.50	59.25 	58.25 	59.25 	30623
79	58.88	59.25 	58.50 	58.50 	22172
					
Company A					
Day 	Open 	High 	Low 	Close 	Vol. 
0	29.50 	30.00 	29.00 	29.88 	16208
1	30.25 	31.50 	30.00 	31.50 	25462
2	31.75 	33.88 	31.75 	33.75 	54655
3	33.75 	34.00 	32.50 	32.75 	32724
4	32.00 	33.25 	31.25 	33.13 	26678
5	33.00 	33.88 	32.75 	33.63 	17999
6	33.50 	33.75 	31.75 	31.88 	31732
7	32.00 	32.25 	30.50 	30.50 	39207
8	30.00 	30.75 	29.75 	30.63 	47464
9	30.75	31.75 	30.50 	31.00 	19153
10	31.00 	31.50 	30.00 	30.38 	13010
11	30.25 	30.25 	29.00 	29.38 	32393
12	29.25 	29.75 	28.75 	29.25 	25142
13	29.50	30.75 	29.50 	29.88 	23936
14	33.25 	33.50 	32.25 	33.38 	87507
15	33.25 	35.25 	33.25 	35.00 	61799
16	34.75 	35.00 	33.25 	33.88 	39494
17	33.75 	34.00 	33.25 	33.50 	14804
18	33.50 	34.25 	33.00 	34.13 	11808
19	34.25 	34.75 	33.75 	34.00 	12182
20	33.50 	33.75 	32.75 	32.75 	21284
21	33.00 	33.50 	32.25 	33.25 	13993
22	33.25 	33.25 	32.50 	33.00 	13076
23	33.00 	33.63 	32.50 	33.50 	12321
24	33.50 	35.00 	33.25 	33.50 	31608
25	33.50 	37.13 	33.50 	36.50 	64772
26	36.00 	36.50 	35.25 	35.75 	25481
27	35.75 	36.50 	35.25 	36.25 	16693
28	36.25 	37.50 	36.00 	36.50 	26967
29	36.25 	37.50 	36.25 	37.00 	14665
30	37.00 	38.00 	36.75 	37.00 	21924
31	36.75 	37.50 	36.25 	37.13 	11587
32	37.50 	37.50 	36.75 	36.75 	10895
33	37.25 	37.88 	36.25 	37.00 	12960
34	36.50 	37.00 	36.25 	36.25 	13310
35	36.25 	37.50 	35.75 	37.25 	19158
36	37.25 	38.25 	37.00 	37.25 	23262
37	37.00 	37.25 	36.25 	36.63 	17666
38	37.00 	37.25 	35.50 	36.00 	21170
39	36.25 	37.00 	36.00 	36.50 	11033
40	36.75 	36.75 	35.75 	36.25 	18917
41	35.25 	36.25 	34.75 	35.63 	26263
42	35.75 	36.25 	35.50 	35.75 	16828
43	36.00 	37.50 	35.75 	36.75 	20254
44	37.00 	38.13 	36.75 	37.88 	27714
45	38.00	38.00 	36.75 	37.00 	16612
46	36.63 	37.50 	36.00 	37.50 	22191
47	37.25 	37.63 	36.75 	37.25 	12836
48	37.00 	37.75 	36.75 	37.25 	14450
49	38.50 	38.50	37.75 	38.13 	39438
50	38.25 	38.25 	37.25 	37.63 	18263
51	37.50 	37.75 	36.50	36.75 	13140
52	36.75 	37.00 	36.25 	36.50 	13949
53	36.75 	36.75 	35.75 	36.38 	19971
54	36.38 	36.50 	35.25 	35.50 	22010
55	35.25 	35.50 	34.50 	35.00 	21681
56	35.50 	35.50 	34.25 	35.13 	19347
57	35.13 	35.25 	34.00 	34.50 	16794
58	34.75 	34.75 	32.75 	32.75 	30682
59	33.00 	34.00 	32.75 	33.25 	25230
60	33.25 	33.75 	32 25 	32.75 	19064
61	32.50 	33.25 	31.75 	32.50 	15163
62	32.50 	33.50 	31.50 	33.25 	18666
63	32.25 	33.25 	31.75 	33.25 	15027
64	33.75 	34.25 	33.50 	33.50 	8741
65	34.00 	34.00 	32.75	33.50 	11526
66	33.50 	33.75 	32.75 	33.19 	6908
67	33.75 	34.00 	33.25 	33.50 	15790
68	33.50 	33.50 	32.50 	33.50 	9538
69	33.38 	33.38 	31.75 	32.00 	12217
70	32.25 	32.50 	31.25 	31.75 	20816
71	30.50 	31.75 	30.00 	31.50 	19821
72	31.25 	31.50 	30.00	30.25 	16817
73	30.50 	30.50 	29.25 	29.63 	20562
74	29.75 	30.00 	28.50 	29.00 	14854
75	29.25 	30.00 	28.00 	28.25 	25166
76	28.50 	30.50 	27.00 	29.63 	36655
77	31.25 	32.00 	28.50 	29.75 	62306
78	29.75 	31.00 	29.50 	31.00 	32075
79	31.50 	31.50 	31.00 	31.25 	14663
