 0.000000 	 0.000000 	0
 0.000000 	 0.000000 	0
 0.009725 	 0.001955 	0
-0.009725 	-0.001955 	1
 0.018300 	 0.007670 	0
-0.018300 	-0.007670 	1
 0.024645 	 0.016690 	0
-0.024645 	-0.016690 	1
 0.027825 	 0.028290 	0
-0.027825 	-0.028290	1
 0.027130 	 0.041525 	0
-0.027130 	-0.041525 	1
 0.022095 	 0.055270 	0
-0.022095 	-0.055270 	1
 0.012560 	 0.068300 	0
-0.012560 	-0.068300 	1
-0.001310 	 0.079355 	0
 0.001310 	-0.079355 	1
-0.019045 	 0.087235 	0
 0.019045 	-0.087235 	1
-0.039850 	 0.090850 	0
 0.039850 	-0.090850 	1
-0.062675 	 0.089335 	0
 0.062675 	-0.089335 	1
-0.086245 	 0.082065 	0
 0.086245 	-0.082065 	1
-0.109120 	 0.068745 	0
 0.109120 	-0.068745 	1
-0.129805 	 0.049415 	0
 0.129805 	-0.049415 	1
-0.146785 	 0.024495 	0
 0.146785 	-0.024495 	1
-0.158645 	-0.005250 	0
 0.158645 	 0.005250	1

 0.164155 	 0.038695 	1
-0.162325 	-0.074425 	0
 0.162325 	 0.074425 	1
-0.152495 	-0.110795 	0
 0.152495 	 0.110795 	1
-0.134385 	-0.145980 	0
 0.134385 	 0.145980 	1
-0.108120 	-0.178085 	0
 0.108120 	 0.178085 	1
-0.074270 	-0.205230 	0
 0.074270 	 0.205230 	1
-0.033830 	-0.225655 	0
 0.033830 	 0.225655 	1
 0.011805 	-0.237805 	0
-0.011805 	 0.237805 	1
 0.060885 	-0.240430 	0
-0.060885 	 0.240430 	1
 0.111365 	-0.232660 	0
-0.111365 	 0.232660 	1
 0.161005 	-0.214070 	0
-0.161005 	 0.214070 	1
 0.207455 	-0.184730 	0
-0.207455 	 0.184730 	1
 0.248360 	-0.145225 	0
-0.248360 	 0.145225 	1
 0.281500 	-0.096640 	0
-0.281500 	 0.096640 	1
 0.304860 	-0.040565 	0
-0.304860 	 0.040565 	1
 0.316770 	 0.020980 	0
-0.316770 	-0.020980 	1
 0.315995 	 0.085605 	0
-0.315995 	-0.085605 	1
 0.301800 	 0.150645	0
		
 0.274010 	 0.213270 	0
-0.274010 	-0.213270  	1
 0.233070 	 0.270615  	0
-0.233070 	-0.270615  	1
 0.180020 	 0.319895  	0
-0.180020 	-0.319895 	1
 0.116495 	 0.358540 	0
-0.116495 	-0.358540 	1
 0.044680 	 0.384325 	0
-0.044680 	-0.384325 	1
-0.032770 	 0.395475 	0
 0.032770 	-0.395475 	1
-0.112835 	 0.390790 	0
 0.112835 	-0.390790 	1
-0.192230 	 0.369685 	0
 0.192230 	-0.369685 	1
-0.267550 	 0.332265 	0
 0.267550 	-0.332265 	1
-0.335420 	 0.279355 	0
 0.335420 	-0.279355 	1
-0.392630 	 0.212480  	0
 0.392630 	-0.212480 	1
-0.436295 	 0.133825 	0
 0.436295 	-0.133825  	1
-0.463985 	 0.046185  	0
 0.463985 	-0.046185 	1
-0.473860 	-0.047165 	0
 0.473860 	 0.047165  	1
-0.464750 	-0.142555  	0
 0.464750 	 0.142555  	1
-0.436255 	-0.236090  	0
 0.436255 	 0.236090  	1
-0.388780 	-0.323800  	0
 0.388780	 0.323800  	1

-0.164155 	-0.038695 	0
 0.323550 	 0.401810 	1
-0.242575 	-0.466505 	0
 0.242575 	 0.466505 	1
-0.148610 	-0.514700  	0
 0.148610 	 0.514700 	1
-0.045060 	-0.543780 	0
 0.045060 	 0.543780  	1
 0.064160 	-0.551850  	0
-0.064160 	 0.551850 	1
 0.174745 	-0.537810 	0
-0.174745 	 0.537810 	1
 0.282195 	-0.501460  	0
-0.282195 	 0.501460  	1
 0.381975 	-0.443510 	0
-0.381975 	 0.443510 	1
 0.469735 	-0.365610 	0
-0.469735 	 0.365610  	1
 0.541465 	-0.270275 	0
-0.541465 	 0.270275  	1
 0.593690 	-0.160835  	0
-0.593690 	 0.160835  	1
 0.623645 	-0.041305  	0
-0.623645 	 0.041305  	1
 0.629385 	 0.083745  	0
-0.629385 	-0.083745  	1
 0.609915 	 0.209385  	0
-0.609915 	-0.209385  	1
 0.565240 	 0.330505 	0
-0.565240	-0.330505 	1

-0.301800 	-0.150645 	1
 0.496410 	 0.442040 	0
-0.496410 	-0.442040 	1
 0.405500 	 0.539145 	0
-0.405500 	-0.539145 	1
 0.295550 	 0.617445 	0
-0.295550 	-0.617445 	1
 0.170480 	 0.673205 	0
-0.170480 	-0.673205 	1
 0.034925 	 0.703510 	0
-0.034925 	-0.703510 	1
-0.105905 	 0.706405 	0
 0.105905 	-0.706405 	1
-0.246445 	 0.681000 	0
 0.246445 	-0.681000 	1
-0.380995 	 0.621540 	0
 0.380995 	-0.627540 	1
-0.503940 	 0.547425 	0
 0.503940 	-0.547425 	1
-0.609985 	 0.443180 	0
 0.609985 	-0.443180 	1
-0.694395 	 0.318380 	0
 0.694395 	-0.318380 	1
-0.753185 	 0.177535 	0
 0.753185 	-0.177535 	1
-0.783315 	 0.025915 	0
 0.783315 	-0.025915 	1
-0.782840 	-0.130635 	0
 0.782840 	 0.130635 	1
-0.751005 	-0.285910 	0
		
-0.323550 	-0.401810  	0
 0.751005 	 0.285910  	1
-0.688305 	-0.433625  	0
 0.688305 	 0.433625  	1
-0.596510 	-0.567635  	0
 0.596510 	 0.567635 	1
-0.478615 	-0.682200  	0
 0.478615 	 0.682200  	1
-0.338735 	-0.772245  	0
 0.338735 	 0.772245  	1
-0.181985 	-0.833555 	0
 0.181985 	 0.833555  	1
-0.014270 	-0.862995  	0
 0.014270 	 0.862995  	1
 0.157915 	-0.858630  	0
-0.157915 	 0.858630 	1
 0.327750 	-0.819870  	0
-0.327750 	 0.819870   	1
 0.488355 	-0.747485  	0
-0.488355 	 0.747485  	1
 0.633075 	-0.643630  	0
-0.633075 	 0.643630  	1
 0.755735 	-0.511775  	0
-0.755735 	 0.511775  	1
 0.850940 	-0.356600  	0
-0.850940 	 0.356600  	1
 0.914260 	-0.183820  	0
-0.914260 	 0.183820  	1
 0.942480 	 0.0		0
-0.942480 	 0.0		1

